1.7848970000000002
1.789405
1.7882779999999996
1.7845749999999998
1.777964
1.76878
1.752506
1.7341350000000002
1.715124
1.6922419999999998
1.667428
1.636325
1.6071639999999998
1.576383
1.5443200000000001
1.511288
1.476966
1.4423210000000002
1.408803
1.3777069999999998
1.344352
1.314055
1.284087
1.258305
1.233813
1.210612
1.193044
1.1749990000000001
1.1627500000000002
1.151314
1.1469580000000001
1.1456699999999997
1.1453479999999998
1.152442
1.1598479999999998
1.1708060000000002
1.185957
1.2023920000000001
1.223502
1.2494439999999998
1.2761900000000002
1.303582
1.3324289999999999
1.364491
1.39704
1.4299140000000001
1.465203
1.4983989999999998
1.530621
1.5646209999999998
1.595401
1.625689
1.6575970000000002
1.683699
1.709
1.7265650000000001
1.7471899999999998
1.760727
1.772972
1.7805440000000001
1.7858630000000002
1.791659
1.7855409999999998
1.7810300000000001
1.773456
1.7612099999999997
1.744286
1.725759
1.705937
1.6803179999999998
1.6535699999999998
1.6235959999999998
1.590565
1.560434
1.526433
1.49485
1.4600469999999999
1.426371
1.391727
1.360624
1.329045
1.299716
1.2732919999999999
1.2473480000000001
1.221564
1.2017479999999998
1.1833740000000001
1.168713
1.156628
1.1492169999999997
1.1482459999999999
1.145026
1.1482480000000002
1.155179
1.1648489999999998
1.1764510000000001
1.1940099999999998
1.215443
1.237036
1.261206
1.288275
1.316312
1.3488609999999999
1.381091
1.4149310000000002
1.4478
1.480669
1.5146700000000002
1.5488319999999998
1.580576
1.611028
1.6406800000000001
1.6698430000000002
1.695785
1.7178610000000003
1.738972
1.7537940000000003
1.768297
0.7935909999999999
0.8010033
0.8051928
0.8047091999999999
0.8016477
0.7929463999999999
0.7852115
0.7684539000000001
0.7494397
0.7307482000000001
0.7089948999999999
0.6845022999999999
0.6521142
0.6237543000000001
0.5916882
0.5610723999999999
0.5272343
0.4929124
0.45875180000000004
0.425558
0.3944591
0.3628764
0.3298438
0.29971119999999996
0.2755411
0.24879250000000003
0.2267175
0.2112483
0.1914284
0.1790208
0.16596919999999998
0.1632296
0.1612959
0.161296
0.16725830000000003
0.1749926
0.18643330000000002
0.20431919999999998
0.2167268
0.2381576
0.2639394
0.2914936
0.3171139
0.3456349
0.37898979999999993
0.4117001
0.4468279
0.4788937
0.511604
0.5452813
0.5789586
0.6119914
0.6429294000000001
0.6716117
0.6973933000000001
0.7236579
0.7439612999999999
0.7626531
0.7805389
0.7892404999999999
0.7964914999999999
0.8014865
0.8079316999999999
0.8051923999999999
0.7964915000000001
0.7882733
0.7758661
0.7602359
0.7404164
0.7217244
0.6957819999999999
0.6704838000000001
0.6393844999999999
0.6082852000000001
0.5760582000000001
0.5431869
0.5103150000000001
0.4761546
0.4411879000000001
0.4091219
0.37592819999999993
0.34579610000000005
0.31534150000000005
0.28762659999999995
0.26216680000000003
0.23799669999999998
0.21769349999999998
0.19867980000000002
0.18433850000000002
0.1735427
0.1670974
0.162585
0.1606514
0.1643576
0.1699978
0.18047090000000002
0.1938454
0.21189260000000001
0.2281675
0.2502427
0.2773136
0.30325640000000004
0.33242200000000005
0.3635212
0.3976816
0.4292642
0.4634245999999999
0.49694089999999996
0.5291676000000001
0.5628447000000001
0.5963611
0.6272991000000001
0.6551755
0.6857913
0.7086726000000001
0.7339711
0.7547568
0.7719986000000001
0.7848895
0.7926242
0.800681
0.8056759
0.8050316000000001
0.8010031
0.7937519999999999
0.7842448
0.7694205000000001
0.7516955999999999
0.7294590000000001
0.7078667
0.6843412
0.6534032999999999
0.6231095999999999
0.5897545999999999
0.5617169
0.5270729000000001
0.4929124
0.4589129999999999
0.4271693
0.39462030000000003
0.36239299999999997
0.33081060000000007
0.3014838
0.27586340000000004
0.250404
0.22768409999999997
0.2107646
0.19175050000000002
0.1786984
0.16967539999999998
0.163713
0.1616182
0.1621015
0.16741960000000003
0.1748316
0.1865944
0.20174140000000002
0.21930480000000002
0.2405748
0.2660341
0.29197690000000004
0.3179193
0.3459571
0.37882869999999996
0.4118615
0.4448945
0.4800218
0.513699
0.5465707
0.5796032999999999
0.6126358999999999
0.6414791
0.672256
0.6981989000000001
0.7230133999999999
0.7431557000000001
0.762653
0.7769939
0.7903683
0.7942353
0.8011642999999999
0.8064815999999999
0.8040645999999999
0.796814
0.7900461
0.7766717
0.7624920000000001
0.7425111
0.7205961999999999
0.6956208
0.6701616000000001
0.6398681
0.6084467
0.5760584
0.5415754
0.5104763
0.4771213
0.4419936
0.40847739999999993
0.37576719999999997
0.344507
0.3156639
0.29020460000000003
0.26248889999999997
0.2381576
0.21785449999999998
0.1993243
0.1865944
0.1732202
0.16774170000000002
0.16290710000000003
0.1608125
0.16484100000000002
0.1714478
0.1795042
0.193201
0.2106036
0.22784529999999997
0.2526596
0.27699100000000004
0.3042233
0.33258309999999996
0.36448780000000003
0.3975205
0.42878059999999996
0.4639082
0.49887429999999994
0.5290064
0.5651008
0.5952333
0.6289104
0.6543701000000001
0.6864356999999999
0.7138289999999999
0.7339711000000001
0.7536287999999999
0.7690982
0.7853728
0.7948801000000001
0.8001976000000001
0.8047093000000001
0.8035812999999999
0.8006811
0.7937520000000001
0.7821502
0.7705485
0.7494398
0.7315541
0.7088337
0.6824076000000001
0.6516308
0.623432
0.5931384000000001
0.5601057
0.5253008
0.49194560000000004
0.4606857
0.42475240000000003
0.3923642
0.36303779999999997
0.3306497
0.3026118
0.2745742
0.24975920000000001
0.22607300000000002
0.20786450000000004
0.19271760000000002
0.1820823
0.1683864
0.1629073
0.1603293
0.1621017
0.1664526
0.1746705
0.1867552
0.1996467
0.22188280000000002
0.24009150000000004
0.26538950000000006
0.29084920000000003
0.31856389999999996
0.3522415
0.38108489999999995
0.4126671
0.446022
0.480989
0.5141823
0.5457649000000001
0.5821813
0.6110247
0.6409958
0.6735450000000001
0.6991656999999999
0.7225298999999998
0.7441223000000001
0.7632977000000001
0.7813444
0.7902072
0.7961694
0.8026145999999998
0.805837
0.8042256999999999
0.7979417
0.7889180999999998
0.7802165
0.7613639999999999
0.7420277000000001
0.7205964
0.6972322999999999
0.6724175
0.6390625
0.6081241
0.5775086
0.5438314
0.5093485000000001
0.47550980000000004
0.4373207
0.40122680000000005
0.3764117
0.3425732
0.31228
0.28295309999999996
0.2605557
0.2342905
0.213987
0.2004521
0.1862722
0.176604
0.1670973
0.1624237
0.1596845
0.1656468
0.17370370000000002
0.18079320000000002
0.1949737
0.2114093
0.23139019999999996
0.25298190000000004
0.27795800000000004
0.3058346
0.333872
0.36545459999999996
0.39655399999999996
0.429103
0.4642303
0.4962962
0.5320681
0.5641339000000001
0.5965221999999999
0.6268159000000001
0.6548532
0.6869192999999999
0.7114120999999999
0.7363879
0.7536286999999999
0.7699039000000001
0.7856951999999999
0.7948801
0.8011644
0.8050314999999999
0.8080929000000001
0.803098
0.7961694
0.7824724
0.7686149
0.7523401
0.7334876
0.7098007
0.6822463000000001
0.6534032
0.6255265999999999
0.5936217
0.5607501
0.5270731000000001
0.4959739999999999
0.4613300000000001
0.4252356
0.394459
0.36094290000000007
0.3298438
0.302934
0.27666890000000005
0.25040389999999996
0.2267172
0.20867019999999997
0.1936843
0.1791819
0.16790280000000002
0.1606515
0.16081260000000003
0.16371280000000002
0.16806390000000002
0.1743481
0.1849831
0.19932429999999998
0.2212382
0.23799659999999995
0.2631337
0.290527
0.31840290000000004
0.34740719999999997
0.3754449
0.40686599999999995
0.44376630000000006
0.4753488
0.5090261999999999
0.5454426
0.5778307
0.6090911
0.6424461
0.6717725999999999
0.6986825
0.7228522999999999
0.742511
0.7616859999999999
0.7765105
0.7892402000000001
0.7972972
0.8037423
0.8037423
0.8034201
0.7977804000000001
0.7877898999999999
0.7750603
0.7597528
0.7392880999999999
0.7186631
0.6936872000000001
0.6661328
0.6384179000000001
0.6053853
0.5729972
0.5415753999999999
0.5058035
0.4743818
0.4387708
0.40928309999999996
0.3741557
0.3438624
0.31244120000000003
0.28649779999999997
0.2616834
0.23493509999999995
0.21737130000000002
0.19755150000000002
0.183694
0.1732202
0.1661303
0.1622626
0.1590403
0.163713
0.17064210000000002
0.1815988
0.19255650000000002
0.2120537
0.23235710000000004
0.2552378
0.2835975
0.30664040000000004
0.33612790000000003
0.3685161
0.400582
0.43377600000000005
0.46503609999999995
0.5001637000000001
0.5346461
1.5530180000000002
1.585087
1.61651
1.6484099999999997
1.675645
1.698041
1.7217310000000001
1.7415479999999999
1.7566970000000002
1.7715220000000003
1.779575
1.7879559999999999
1.7918200000000002
1.7881170000000002
1.783285
1.7739389999999997
1.7642689999999999
1.748802
1.7328460000000003
1.7096410000000002
1.687409
1.6613020000000003
1.629402
1.600392
1.5680080000000003
1.5357809999999998
1.501297
1.469551
1.435228
1.399779
1.3685230000000002
1.3350050000000002
1.3063259999999999
1.2781219999999998
1.25041
1.227045
1.205129
1.188375
1.170323
1.1596870000000001
1.1522800000000002
1.146314
1.1447039999999997
1.1480869999999999
1.153247
1.1630740000000002
1.178544
1.191756
1.2104489999999999
1.233652
1.2586300000000001
1.2839269999999998
1.314055
1.346768
1.3762539999999999
1.409448
1.4439309999999999
1.4776099999999999
1.5104839999999997
1.545125
1.579124
1.6081300000000003
1.6374520000000001
1.667589
1.6925639999999997
1.716573
1.736395
1.755565
1.7673279999999998
1.7769979999999996
1.78538
1.7882779999999996
1.7889220000000001
1.786668
1.7798969999999996
1.7676520000000004
1.7526670000000002
1.730912
1.7125460000000001
1.6891830000000003
1.6658180000000002
1.636809
1.603295
1.574934
1.541094
1.5064510000000002
1.473906
1.440067
1.40832
1.3719040000000002
1.340965
1.3097079999999999
1.281667
1.2552400000000001
1.229621
1.210451
1.189019
1.1741920000000001
1.160975
1.152925
1.148732
1.1455089999999999
1.1485699999999999
1.150507
1.1613
1.1740270000000002
1.188053
1.207061
1.227045
1.2555619999999998
1.2798939999999999
1.3080979999999998
1.339353
1.369167
1.4023629999999998
1.4353920000000002
1.471164
1.5048399999999997
1.539001
1.570265
1.601681
1.630529
1.662434
1.689505
1.709965
1.7317170000000002
1.750413
1.765235
1.7752269999999999
1.783447
1.789888
1.7897269999999998
1.7874729999999999
1.780541
1.769585
1.7571809999999999
1.7407430000000002
1.7230220000000003
1.699494
1.6720970000000002
1.648088
1.6176389999999998
1.584604
1.5538230000000002
1.5204710000000001
1.484864
1.452635
1.417668
1.3855990000000002
1.353214
1.3224369999999999
1.294079
1.263944
1.2362309999999999
1.21351
1.194332
1.177095
1.1658140000000001
1.1569500000000001
1.149052
1.1464750000000001
1.1461530000000002
1.1493769999999999
1.157272
1.1682299999999999
1.1835359999999997
1.199652
1.2186629999999998
1.243317
1.26797
1.2956879999999997
1.325979
1.3609459999999998
1.389634
1.424273
1.4585959999999998
1.4927540000000001
1.527238
1.561078
1.590888
1.6232739999999999
1.6543759999999998
1.6809619999999998
1.7057759999999997
1.7272089999999998
1.7491249999999998
1.7605650000000002
1.7728119999999996
1.7819969999999998
1.786346
1.789566
1.7879559999999999
1.7828020000000002
1.773939
1.760727
1.7462229999999999
1.7251160000000003
1.704971
1.6822499999999998
1.6563089999999998
1.6224690000000002
1.5949180000000003
1.5602729999999998
1.5273989999999997
1.49501
1.459398
1.428948
1.394625
1.36159
1.329368
1.2990719999999998
1.272004
1.247026
1.2238250000000002
1.201909
1.1838570000000002
